image: table_cone_dumpster_cleared.pgm
resolution: 0.025000
origin: [-15.400000, -5.000000, 0.000000]
negate: 0
occupied_thresh: 0.65
free_thresh: 0.196

